4.950000000000000178e+00
4.950000000000000178e+00
4.940000000000000391e+00
4.919999999999999929e+00
4.950000000000000178e+00
4.940000000000000391e+00
4.870000000000000107e+00
4.950000000000000178e+00
4.940000000000000391e+00
4.950000000000000178e+00
4.950000000000000178e+00
4.959999999999999964e+00
4.950000000000000178e+00
3.649999999999999911e+00
4.950000000000000178e+00
4.940000000000000391e+00
4.950000000000000178e+00
3.099999999999999978e-01
4.940000000000000391e+00
4.940000000000000391e+00
4.879999999999999893e+00
4.950000000000000178e+00
4.950000000000000178e+00
4.889999999999999680e+00
4.959999999999999964e+00
4.950000000000000178e+00
4.940000000000000391e+00
4.950000000000000178e+00
4.940000000000000391e+00
4.929999999999999716e+00
4.599999999999999645e+00
4.910000000000000142e+00
4.950000000000000178e+00
1.799999999999999933e-01
4.959999999999999964e+00
4.929999999999999716e+00
4.959999999999999964e+00
4.950000000000000178e+00
4.929999999999999716e+00
4.950000000000000178e+00
1.700000000000000122e-01
4.959999999999999964e+00
4.759999999999999787e+00
4.679999999999999716e+00
4.940000000000000391e+00
4.959999999999999964e+00
4.929999999999999716e+00
4.950000000000000178e+00
4.950000000000000178e+00
4.849999999999999645e+00
4.929999999999999716e+00
4.950000000000000178e+00
4.940000000000000391e+00
4.940000000000000391e+00
4.950000000000000178e+00
4.950000000000000178e+00
4.950000000000000178e+00
4.940000000000000391e+00
4.950000000000000178e+00
4.849999999999999645e+00
4.950000000000000178e+00
4.940000000000000391e+00
4.940000000000000391e+00
4.940000000000000391e+00
4.950000000000000178e+00
4.950000000000000178e+00
4.940000000000000391e+00
4.870000000000000107e+00
4.959999999999999964e+00
4.940000000000000391e+00
4.940000000000000391e+00
4.940000000000000391e+00
4.950000000000000178e+00
4.950000000000000178e+00
4.940000000000000391e+00
4.950000000000000178e+00
4.950000000000000178e+00
4.950000000000000178e+00
4.950000000000000178e+00
4.950000000000000178e+00
4.959999999999999964e+00
4.959999999999999964e+00
4.950000000000000178e+00
4.940000000000000391e+00
4.950000000000000178e+00
4.950000000000000178e+00
4.950000000000000178e+00
4.950000000000000178e+00
4.950000000000000178e+00
4.959999999999999964e+00
4.950000000000000178e+00
4.940000000000000391e+00
4.950000000000000178e+00
4.940000000000000391e+00
4.540000000000000036e+00
3.359999999999999876e+00
4.950000000000000178e+00
4.929999999999999716e+00
4.929999999999999716e+00
4.929999999999999716e+00
4.919999999999999929e+00
4.940000000000000391e+00
4.950000000000000178e+00
4.950000000000000178e+00
4.919999999999999929e+00
4.950000000000000178e+00
6.899999999999999467e-01
4.940000000000000391e+00
4.910000000000000142e+00
4.929999999999999716e+00
4.870000000000000107e+00
4.950000000000000178e+00
